      1    34	166	6947   79.61	2.74	 6947	79.61	 2.74	 79.6  
      2    34	166	6947   84.77	2.83	 6947	84.77	 2.83	 84.8  
      3    34	166	6947  101.04	2.89	 6947  101.04	 2.89	101.0  
      4    34	166	6947   86.40	2.61	 6947	86.40	 2.61	 86.4  
      5    34	166	6947   85.73	3.07	 6947	85.73	 3.07	 85.7  
      6    34	166	6947   71.92	2.80	 6947	71.92	 2.80	 71.9  
      7    34	166	6947  119.57	2.78	 6947  119.57	 2.78	119.6  
      8    34	166	6947  101.69	3.15	 6947  101.69	 3.15	101.7  
      9    34	166	6947   78.30	2.56	 6947	78.30	 2.56	 78.3  
     10    34	166	6947   92.88	2.83	 6947	92.88	 2.83	 92.9  
     11    34	166	6947   77.06	2.96	 6947	77.06	 2.96	 77.1  
     12    34	166	6947   79.77	3.00	 6947	79.77	 3.00	 79.8  
     13    34	166	6947   72.78	2.60	 6947	72.78	 2.60	 72.8  
     14    34	166	6947  101.47	2.94	 6947  101.47	 2.94	101.5  
     15    34	166	6947   89.38	2.58	 6947	89.38	 2.58	 89.4  
     16    34	166	6947   86.54	2.63	 6947	86.54	 2.63	 86.5  
     17    34	166	6947   99.84	3.20	 6947	99.84	 3.20	 99.8  
     18    34	166	6947   93.10	2.36	 6947	93.10	 2.36	 93.1  
     19    34	166	6947  108.29	3.07	 6947  108.29	 3.07	108.3  
     20    34	166	6947   90.32	2.88	 6947	90.32	 2.88	 90.3  
     21    34	166	6947  114.11	2.78	 6947  114.11	 2.78	114.1  
     22    34	166	6947   85.22	2.76	 6947	85.22	 2.76	 85.2  
     23    34	166	6947  105.71	3.13	 6947  105.71	 3.13	105.7  
     24    34	166	6947  102.18	2.89	 6947  102.18	 2.89	102.2  
     25    34	166	6947  111.49	2.79	 6947  111.49	 2.79	111.5  
     26    34	166	6947  104.01	2.84	 6947  104.01	 2.84	104.0  
     27    34	166	6947   98.96	2.79	 6947	98.96	 2.79	 99.0  
     28    34	166	6947  130.38	2.85	 6947  130.38	 2.85	130.4  
     29    34	166	6947   66.73	2.97	 6947	66.73	 2.97	 66.7  
     30    34	166	6947  100.51	3.22	 6947  100.51	 3.22	100.5  
     31    34	166	6947   90.41	2.88	 6947	90.41	 2.88	 90.4  
     32    34	166	6947  102.52	2.81	 6947  102.52	 2.81	102.5  
     33    34	166	6947   64.15	2.67	 6947	64.15	 2.67	 64.2			       
     34    34	166	6947   74.41	3.13	 6947	74.41	 3.13	 74.4			       
     35    34	166	6947   71.54	2.87	 6947	71.54	 2.87	 71.5			       
     36    34	166	6947   93.23	2.67	 6947	93.23	 2.67	 93.2			       
     37    34	166	6947   79.93	2.59	 6947	79.93	 2.59	 79.9			       
     38    34	166	6947   69.96	2.76	 6947	69.96	 2.76	 70.0			       
     39    34	166	6947   64.50	2.88	 6947	64.50	 2.88	 64.5			       
     40    34	166	6947   68.65	2.88	 6947	68.65	 2.88	 68.7			       
     41    34	166	6947   65.67	3.17	 6947	65.67	 3.17	 65.7			       
     42    34	166	6947   54.57	3.33	 6947	54.57	 3.33	 54.6			       
     43    34	166	6947   75.47	2.99	 6947	75.47	 2.99	 75.5			       
     44    34	166	6947   65.92	2.82	 6947	65.92	 2.82	 65.9			       
     45    34	166	6947   95.75	2.87	 6947	95.75	 2.87	 95.8			       
     46    34	166	6947   64.41	2.63	 6947	64.41	 2.63	 64.4			       
     47    34	166	6947   73.40	2.70	 6947	73.40	 2.70	 73.4			       
     48    34	166	6947  100.33	2.56	 6947  100.33	 2.56	100.3			       
     49    34	166	6947   86.22	2.61	 6947	86.22	 2.61	 86.2			       
     50    34	166	6947   63.55	2.57	 6947	63.55	 2.57	 63.5			       
     51    34	166	6947   99.30	2.54	 6947	99.30	 2.54	 99.3			       
     52    34	166	6947   66.93	2.44	 6947	66.93	 2.44	 66.9			       
     53    34	166	6947   68.01	2.87	 6947	68.01	 2.87	 68.0			       
     54    34	166	6947   81.02	2.67	 6947	81.02	 2.67	 81.0			       
     55    34	166	6947   81.27	2.54	 6947	81.27	 2.54	 81.3			       
     56    34	166	6947   75.91	2.82	 6947	75.91	 2.82	 75.9			       
     57    34	166	6947   73.14	2.90	 6947	73.14	 2.90	 73.1			       
     58    34	166	6947   81.23	2.55	 6947	81.23	 2.55	 81.2			       
     59    34	166	6947   95.73	2.76	 6947	95.73	 2.76	 95.7			       
     60    34	166	6947   88.44	2.53	 6947	88.44	 2.53	 88.4			       
     61    34	166	6947  101.80	3.25	 6947  101.80	 3.25	101.8			       
     62    34	166	6947   87.05	2.47	 6947	87.05	 2.47	 87.0  
     63    34	166	6947   81.94	2.47	 6947	81.94	 2.47	 81.9  
     64    34	166	6947   89.91	2.91	 6947	89.91	 2.91	 89.9  
     65    34	238	6947  121.35	2.92	 6947  121.35	 2.92	121.3  
     66    34	238	6947  114.51	2.68	 6947  114.51	 2.68	114.5  
     67    34	238	6947  122.19	3.90	 6947  122.19	 3.90	122.2  
     68    34	238	6947  165.49	3.01	 6947  165.49	 3.01	165.5  
     69    34	238	6947  123.29	2.73	 6947  123.29	 2.73	123.3  
     70    34	238	6947  123.32	3.39	 6947  123.32	 3.39	123.3  
     71    34	238	6947  115.61	2.79	 6947  115.61	 2.79	115.6  
     72    34	238	6947  123.32	2.36	 6947  123.32	 2.36	123.3  
     73    34	238	6947  138.87	2.54	 6947  138.87	 2.54	138.9  
     74    34	238	6947  115.28	2.36	 6947  115.28	 2.36	115.3  
     75    34	238	6947  120.03	2.65	 6947  120.03	 2.65	120.0  
     76    34	238	6947  142.60	3.86	 6947  142.60	 3.86	142.6  
     77    34	238	6947  123.21	3.17	 6947  123.21	 3.17	123.2  
     78    34	238	6947  130.78	2.76	 6947  130.78	 2.76	130.8  
     79    34	238	6947  149.05	2.69	 6947  149.05	 2.69	149.1  
     80    34	238	6947  118.75	3.12	 6947  118.75	 3.12	118.8  
     81    34	238	6947  124.86	2.56	 6947  124.86	 2.56	124.9  
     82    34	238	6947  117.22	2.40	 6947  117.22	 2.40	117.2  
     83    34	238	6947  112.97	2.53	 6947  112.97	 2.53	113.0  
     84    34	238	6947  119.88	2.58	 6947  119.88	 2.58	119.9  
     85    34	238	6947  123.78	2.35	 6947  123.78	 2.35	123.8  
     86    34	238	6947  127.58	2.65	 6947  127.58	 2.65	127.6  
     87    34	238	6947  142.81	2.42	 6947  142.81	 2.42	142.8  
     88    34	238	6947  116.35	3.04	 6947  116.35	 3.04	116.3  
     89    34	238	6947  135.23	2.37	 6947  135.23	 2.37	135.2  
     90    34	238	6947  129.09	2.84	 6947  129.09	 2.84	129.1  
     91    34	238	6947  128.01	3.25	 6947  128.01	 3.25	128.0  
     92    34	238	6947  105.11	2.71	 6947  105.11	 2.71	105.1  
     93    34	238	6947  156.27	2.63	 6947  156.27	 2.63	156.3  
     94    34	238	6947  135.00	2.85	 6947  135.00	 2.85	135.0  
     95    34	238	6947  155.82	3.06	 6947  155.82	 3.06	155.8  
     96    34	238	6947  141.82	2.89	 6947  141.82	 2.89	141.8  
     97    12	238	6947   89.36	3.99	 6947	89.36	 3.99	 89.4  
     98    12	238	6947   61.16	4.19	 6947	61.16	 4.19	 61.2  
     99    12	238	6947   59.24	3.89	 6947	59.24	 3.89	 59.2  
    100    12	238	6947   55.14	4.10	 6947	55.14	 4.10	 55.1  
    101    12	238	6947   49.08	3.88	 6947	49.08	 3.88	 49.1  
    102    12	238	6947   90.69	4.16	 6947	90.69	 4.16	 90.7  
    103    12	238	6947   44.52	3.87	 6947	44.52	 3.87	 44.5  
    104    12	238	6947   57.48	3.97	 6947	57.48	 3.97	 57.5  
    105    12	238	6947   63.26	3.86	 6947	63.26	 3.86	 63.3  
    106    12	238	6947   64.92	3.99	 6947	64.92	 3.99	 64.9  
    107    12	238	6947   70.67	3.98	 6947	70.67	 3.98	 70.7  
    108    12	238	6947   66.23	4.10	 6947	66.23	 4.10	 66.2  
    109    12	238	6947   67.96	3.81	 6947	67.96	 3.81	 68.0  
    110    12	238	6947   87.21	3.91	 6947	87.21	 3.91	 87.2  
    111    12	238	6947   76.20	4.01	 6947	76.20	 4.01	 76.2  
    112    12	238	6947   78.00	3.96	 6947	78.00	 3.96	 78.0  
    113    12	238	6947   81.58	3.83	 6947	81.58	 3.83	 81.6  
    114    12	238	6947   61.85	3.99	 6947	61.85	 3.99	 61.9  
    115    12	238	6947   98.02	4.09	 6947	98.02	 4.09	 98.0  
    116    12	238	6947   86.02	3.72	 6947	86.02	 3.72	 86.0  
    117    12	238	6947  111.54	4.12	 6947  111.54	 4.12	111.5  
    118    12	238	6947   73.80	3.88	 6947	73.80	 3.88	 73.8  
    119    12	238	6947   98.32	3.95	 6947	98.32	 3.95	 98.3  
    120    12	238	6947   91.24	3.88	 6947	91.24	 3.88	 91.2  
    121    12	238	6947   85.96	3.93	 6947	85.96	 3.93	 86.0  
    122    12	238	6947   73.90	3.92	 6947	73.90	 3.92	 73.9  
    123    12	238	6947   90.04	3.79	 6947	90.04	 3.79	 90.0  
    124    12	238	6947   80.17	4.05	 6947	80.17	 4.05	 80.2  
    125    12	238	6947   80.17	3.94	 6947	80.17	 3.94	 80.2  
    126    12	238	6947   73.48	3.94	 6947	73.48	 3.94	 73.5  
    127    12	238	6947  115.47	4.04	 6947  115.47	 4.04	115.5  
    128    12	238	6947   72.32	4.05	 6947	72.32	 4.05	 72.3  
    129    12	238	6947   79.06	3.48	 6947	79.06	 3.48	 79.1  
    130    12	238	6947   85.82	3.61	 6947	85.82	 3.61	 85.8  
    131    12	238	6947   84.54	3.51	 6947	84.54	 3.51	 84.5  
    132    12	238	6947   81.65	3.45	 6947	81.65	 3.45	 81.7  
    133    12	238	6947   90.81	3.46	 6947	90.81	 3.46	 90.8  
    134    12	238	6947   96.42	3.55	 6947	96.42	 3.55	 96.4  
    135    12	238	6947   83.00	3.51	 6947	83.00	 3.51	 83.0  
    136    12	238	6947   83.05	3.55	 6947	83.05	 3.55	 83.0  
    137    12	238	6947  112.87	3.36	 6947  112.87	 3.36	112.9  
    138    12	238	6947   68.14	3.42	 6947	68.14	 3.42	 68.1  
    139    12	238	6947  104.58	3.40	 6947  104.58	 3.40	104.6  
    140    12	238	6947   93.51	3.42	 6947	93.51	 3.42	 93.5  
    141    12	238	6947   93.93	3.51	 6947	93.93	 3.51	 93.9  
    142    12	238	6947   85.44	3.54	 6947	85.44	 3.54	 85.4  
    143    12	238	6947  114.59	3.48	 6947  114.59	 3.48	114.6  
    144    12	238	6947  104.56	3.52	 6947  104.56	 3.52	104.6  
    145    12	238	6947   81.55	3.88	 6947	81.55	 3.88	 81.6  
    146    12	238	6947   72.99	3.92	 6947	72.99	 3.92	 73.0  
    147    12	238	6947  103.98	3.81	 6947  103.98	 3.81	104.0  
    148    12	238	6947   99.19	3.77	 6947	99.19	 3.77	 99.2  
    149    12	238	6947  113.96	4.09	 6947  113.96	 4.09	114.0  
    150    12	238	6947   84.18	4.01	 6947	84.18	 4.01	 84.2  
    151    12	238	6947  113.25	3.91	 6947  113.25	 3.91	113.2  
    152    12	238	6947   64.90	3.92	 6947	64.90	 3.92	 64.9  
    153    12	238	6947  107.96	3.98	 6947  107.96	 3.98	108.0  
    154    12	238	6947   91.04	3.83	 6947	91.04	 3.83	 91.0  
    155    12	238	6947  112.03	3.90	 6947  112.03	 3.90	112.0  
    156    12	238	6947   98.39	3.84	 6947	98.39	 3.84	 98.4  
    157    12	238	6947  114.94	3.97	 6947  114.94	 3.97	114.9  
    158    12	238	6947  117.39	4.06	 6947  117.39	 4.06	117.4  
    159    12	238	6947  115.67	3.89	 6947  115.67	 3.89	115.7  
    160    12	238	6947   89.54	3.79	 6947	89.54	 3.79	 89.5  
    161    12	238	6947   46.73	3.36	 6947	46.73	 3.36	 46.7  
    162    12	238	6947   49.51	3.49	 6947	49.51	 3.49	 49.5  
    163    12	238	6947   67.13	3.42	 6947	67.13	 3.42	 67.1  
    164    12	238	6947   81.21	3.50	 6947	81.21	 3.50	 81.2  
    165    12	238	6947   93.99	3.76	 6947	93.99	 3.76	 94.0  
    166    12	238	6947   68.02	3.35	 6947	68.02	 3.35	 68.0  
    167    12	238	6947   50.95	3.47	 6947	50.95	 3.47	 50.9  
    168    12	238	6947   93.94	3.84	 6947	93.94	 3.84	 93.9  
    169    12	238	6947   74.26	3.45	 6947	74.26	 3.45	 74.3  
    170    12	238	6947   71.56	3.50	 6947	71.56	 3.50	 71.6  
    171    12	238	6947  124.88	3.54	 6947  124.88	 3.54	124.9  
    172    12	238	6947   80.28	3.94	 6947	80.28	 3.94	 80.3  
    173    12	238	6947   84.82	3.51	 6947	84.82	 3.51	 84.8  
    174    12	238	6947   79.46	3.36	 6947	79.46	 3.36	 79.5  
    175    12	238	6947   82.19	3.36	 6947	82.19	 3.36	 82.2  
    176    12	238	6947   66.96	3.50	 6947	66.96	 3.50	 67.0  
    177    12	238	6947   73.10	3.46	 6947	73.10	 3.46	 73.1  
    178    12	238	6947   88.82	3.42	 6947	88.82	 3.42	 88.8  
    179    12	238	6947   75.62	3.37	 6947	75.62	 3.37	 75.6  
    180    12	238	6947  100.23	3.68	 6947  100.23	 3.68	100.2  
    181    12	238	6947   89.01	3.50	 6947	89.01	 3.50	 89.0  
    182    12	238	6947   71.70	3.57	 6947	71.70	 3.57	 71.7  
    183    12	238	6947  110.16	3.39	 6947  110.16	 3.39	110.2  
    184    12	238	6947   61.05	3.45	 6947	61.05	 3.45	 61.1  
    185    12	238	6947   95.37	3.49	 6947	95.37	 3.49	 95.4  
    186    12	238	6947   66.33	3.60	 6947	66.33	 3.60	 66.3  
    187    12	238	6947   99.92	3.50	 6947	99.92	 3.50	 99.9  
    188    12	238	6947  128.74	3.66	 6947  128.74	 3.66	128.7  
    189    12	238	6947   96.57	3.59	 6947	96.57	 3.59	 96.6  
    190    12	238	6947   83.48	3.79	 6947	83.48	 3.79	 83.5  
    191    12	238	6947  117.60	3.64	 6947  117.60	 3.64	117.6  
    192    12	238	6947   81.53	3.56	 6947	81.53	 3.56	 81.5  
    193    12	238	6947   55.50	3.77	 6947	55.50	 3.77	 55.5  
    194    12	238	6947   96.72	3.98	 6947	96.72	 3.98	 96.7  
    195    12	238	6947   84.13	4.03	 6947	84.13	 4.03	 84.1  
    196    12	238	6947   63.62	3.97	 6947	63.62	 3.97	 63.6  
    197    12	238	6947  102.01	4.05	 6947  102.01	 4.05	102.0  
    198    12	238	6947   77.87	4.08	 6947	77.87	 4.08	 77.9  
    199    12	238	6947  105.20	3.90	 6947  105.20	 3.90	105.2  
    200    12	238	6947  108.34	4.34	 6947  108.34	 4.34	108.3  
    201    12	238	6947   94.38	4.37	 6947	94.38	 4.37	 94.4  
    202    12	238	6947   80.60	3.96	 6947	80.60	 3.96	 80.6  
    203    12	238	6947   88.76	4.32	 6947	88.76	 4.32	 88.8  
    204    12	238	6947   88.82	3.96	 6947	88.82	 3.96	 88.8  
    205    12	238	6947   96.83	4.10	 6947	96.83	 4.10	 96.8  
    206    12	238	6947   76.57	4.19	 6947	76.57	 4.19	 76.6  
    207    12	238	6947  105.60	3.99	 6947  105.60	 3.99	105.6  
    208    12	238	6947  116.60	3.81	 6947  116.60	 3.81	116.6  
    209    12	238	6947  112.43	1.94	 6947  112.43	 1.94	112.4  
    210    12	238	6947   90.39	1.56	 6947	90.39	 1.56	 90.4  
    211    12	238	6947   84.55	1.45	 6947	84.55	 1.45	 84.6  
    212    12	238	6947   87.37	1.80	 6947	87.37	 1.80	 87.4  
    213    12	238	6947   91.23	1.70	 6947	91.23	 1.70	 91.2  
    214    12	238	6947  118.79	1.71	 6947  118.79	 1.71	118.8  
    215    12	238	6947  103.37	1.74	 6947  103.37	 1.74	103.4  
    216    12	238	6947  117.20	1.72	 6947  117.20	 1.72	117.2  
    217    12	238	6947  100.51	1.58	 6947  100.51	 1.58	100.5  
    218    12	238	6947   89.24	1.65	 6947	89.24	 1.65	 89.2  
    219    12	238	6947   79.52	1.95	 6947	79.52	 1.95	 79.5  
    220    12	238	6947   92.28	1.66	 6947	92.28	 1.66	 92.3  
    221    12	238	6947  107.35	1.62	 6947  107.35	 1.62	107.4  
    222    12	238	6947   84.72	1.73	 6947	84.72	 1.73	 84.7  
    223    12	238	6947  105.07	1.95	 6947  105.07	 1.95	105.1  
    224    12	238	6947  104.13	2.04	 6947  104.13	 2.04	104.1  
    225    12	238	6947   57.93	1.42	 6947	57.93	 1.42	 57.9  
    226    12	238	6947   62.78	1.58	 6947	62.78	 1.58	 62.8  
    227    12	238	6947   70.36	1.85	 6947	70.36	 1.85	 70.4  
    228    12	238	6947   63.57	1.80	 6947	63.57	 1.80	 63.6  
    229    12	238	6947   63.98	1.56	 6947	63.98	 1.56	 64.0  
    230    12	238	6947   66.25	1.58	 6947	66.25	 1.58	 66.3  
    231    12	238	6947   68.34	1.50	 6947	68.34	 1.50	 68.3  
    232    12	238	6947   64.60	1.55	 6947	64.60	 1.55	 64.6  
    233    12	238	6947  102.95	1.42	 6947  102.95	 1.42	102.9  
    234    12	238	6947   97.11	1.61	 6947	97.11	 1.61	 97.1  
    235    12	238	6947   77.55	1.56	 6947	77.55	 1.56	 77.5  
    236    12	238	6947   77.67	1.62	 6947	77.67	 1.62	 77.7  
    237    12	238	6947  119.19	1.50	 6947  119.19	 1.50	119.2  
    238    12	238	6947   86.77	1.54	 6947	86.77	 1.54	 86.8  
    239    12	238	6947   68.10	1.61	 6947	68.10	 1.61	 68.1  
    240    12	238	6947  103.36	1.44	 6947  103.36	 1.44	103.4  
    241    12	238	6947  103.70	1.55	 6947  103.70	 1.55	103.7  
    242    12	238	6947   78.08	1.67	 6947	78.08	 1.67	 78.1  
    243    12	238	6947   94.61	1.63	 6947	94.61	 1.63	 94.6  
    244    12	238	6947  102.60	1.68	 6947  102.60	 1.68	102.6  
    245    12	238	6947   72.41	1.38	 6947	72.41	 1.38	 72.4  
    246    12	238	6947  112.43	1.51	 6947  112.43	 1.51	112.4  
    247    12	238	6947  123.58	1.61	 6947  123.58	 1.61	123.6  
    248    12	238	6947  121.43	1.51	 6947  121.43	 1.51	121.4  
    249    12	238	6947   98.80	1.47	 6947	98.80	 1.47	 98.8  
    250    12	238	6947   91.58	1.55	 6947	91.58	 1.55	 91.6  
    251    12	238	6947   77.62	1.55	 6947	77.62	 1.55	 77.6  
    252    12	238	6947   92.30	1.61	 6947	92.30	 1.61	 92.3  
    253    12	238	6947   80.17	1.64	 6947	80.17	 1.64	 80.2  
    254    12	238	6947   73.35	1.50	 6947	73.35	 1.50	 73.3  
    255    12	238	6947   84.74	1.48	 6947	84.74	 1.48	 84.7  
    256    12	238	6947   73.62	1.86	 6947	73.62	 1.86	 73.6  
    257    12	238	6947   65.08	1.80	 6947	65.08	 1.80	 65.1  
    258    12	238	6947   69.15	1.77	 6947	69.15	 1.77	 69.1  
    259    12	238	6947   81.01	1.63	 6947	81.01	 1.63	 81.0  
    260    12	238	6947   83.44	1.63	 6947	83.44	 1.63	 83.4  
    261    12	238	6947   75.25	1.69	 6947	75.25	 1.69	 75.2  
    262    12	238	6947   62.52	1.73	 6947	62.52	 1.73	 62.5  
    263    12	238	6947   76.04	1.62	 6947	76.04	 1.62	 76.0  
    264    12	238	6947   88.15	1.76	 6947	88.15	 1.76	 88.1  
    265    12	238	6947  111.36	1.78	 6947  111.36	 1.78	111.4  
    266    12	238	6947   64.29	2.32	 6947	64.29	 2.32	 64.3  
    267    12	238	6947   86.23	1.68	 6947	86.23	 1.68	 86.2  
    268    12	238	6947   73.67	1.83	 6947	73.67	 1.83	 73.7  
    269    12	238	6947   68.24	1.48	 6947	68.24	 1.48	 68.2  
    270    12	238	6947   80.26	1.56	 6947	80.26	 1.56	 80.3  
    271    12	238	6947  102.54	1.63	 6947  102.54	 1.63	102.5  
    272    12	238	6947  114.24	1.74	 6947  114.24	 1.74	114.2  
    273    12	238	6947   97.62	1.44	 6947	97.62	 1.44	 97.6  
    274    12	238	6947   73.84	1.32	 6947	73.84	 1.32	 73.8  
    275    12	238	6947   94.00	1.74	 6947	94.00	 1.74	 94.0  
    276    12	238	6947   75.33	1.49	 6947	75.33	 1.49	 75.3  
    277    12	238	6947   84.00	1.60	 6947	84.00	 1.60	 84.0  
    278    12	238	6947   74.09	1.72	 6947	74.09	 1.72	 74.1  
    279    12	238	6947   90.61	1.59	 6947	90.61	 1.59	 90.6  
    280    12	238	6947   76.54	1.58	 6947	76.54	 1.58	 76.5  
    281    12	238	6947  117.14	1.66	 6947  117.14	 1.66	117.1  
    282    12	238	6947   72.83	1.52	 6947	72.83	 1.52	 72.8  
    283    12	238	6947  119.93	1.44	 6947  119.93	 1.44	119.9  
    284    12	238	6947   93.97	1.43	 6947	93.97	 1.43	 94.0  
    285    12	238	6947   81.17	1.39	 6947	81.17	 1.39	 81.2  
    286    12	238	6947   92.39	1.87	 6947	92.39	 1.87	 92.4  
    287    12	238	6947  120.40	1.80	 6947  120.40	 1.80	120.4  
    288    12	238	6947   70.97	1.67	 6947	70.97	 1.67	 71.0  
    289    12	238	6947   71.38	3.58	 6947	71.38	 3.58	 71.4  
    290    12	238	6947   52.64	3.68	 6947	52.64	 3.68	 52.6  
    291    12	238	6947   77.75	3.60	 6947	77.75	 3.60	 77.7  
    292    12	238	6947   49.97	3.74	 6947	49.97	 3.74	 50.0  
    293    12	238	6947   59.45	3.62	 6947	59.45	 3.62	 59.5  
    294    12	238	6947   74.89	3.58	 6947	74.89	 3.58	 74.9  
    295    12	238	6947   86.95	3.61	 6947	86.95	 3.61	 86.9  
    296    12	238	6947   91.61	3.65	 6947	91.61	 3.65	 91.6  
    297    12	238	6947   72.97	3.52	 6947	72.97	 3.52	 73.0  
    298    12	238	6947   61.07	3.63	 6947	61.07	 3.63	 61.1  
    299    12	238	6947   77.92	3.69	 6947	77.92	 3.69	 77.9  
    300    12	238	6947   64.46	3.64	 6947	64.46	 3.64	 64.5  
    301    12	238	6947   52.00	3.64	 6947	52.00	 3.64	 52.0  
    302    12	238	6947   64.44	3.68	 6947	64.44	 3.68	 64.4  
    303    12	238	6947   74.62	3.63	 6947	74.62	 3.63	 74.6  
    304    12	238	6947   62.63	3.71	 6947	62.63	 3.71	 62.6  
    305    12	238	6947   87.24   10.95	 6947	87.24	10.95	 87.2  
    306    12	238	6947   90.72   10.72	 6947	90.72	10.72	 90.7  
    307    12	238	6947   88.19   10.50	 6947	88.19	10.50	 88.2  
    308    12	238	6947   90.15   11.26	 6947	90.15	11.26	 90.2  
    309    12	238	6947  102.60   11.39	 6947  102.60	11.39	102.6  
    310    12	238	6946   95.74   10.49	 6946	95.74	10.49	 95.7  
    311    12	238	6947   76.03   10.83	 6947	76.03	10.83	 76.0  
    312    12	238	6947   85.07   11.02	 6947	85.07	11.02	 85.1  
    313    12	238	6947   92.50	2.81	 6947	92.50	 2.81	 92.5  
    314    12	238	6947   80.45	2.93	 6947	80.45	 2.93	 80.5  
    315    12	238	6947   85.74	3.02	 6947	85.74	 3.02	 85.7  
    316    12	238	6947  100.03	2.87	 6947  100.03	 2.87	100.0  
    317    12	238	6947   97.77	2.96	 6947	97.77	 2.96	 97.8  
    318    12	238	6947   95.44	2.94	 6947	95.44	 2.94	 95.4  
    319    12	238	6947   84.60	2.86	 6947	84.60	 2.86	 84.6  
    320    12	238	6947   99.51	2.99	 6947	99.51	 2.99	 99.5  
    321    12	238	6947   67.36	4.01	 6947	67.36	 4.01	 67.4  
    322    12	238	6947   67.56	7.77	 6947	67.56	 7.77	 67.6  
    323    12	238	6947   70.34	4.46	 6947	70.34	 4.46	 70.3  
    324    12	238	6947   74.78	4.27	 6947	74.78	 4.27	 74.8  
    325    12	238	6947   58.77	4.08	 6947	58.77	 4.08	 58.8  
    326    12	238	6947   76.65	4.01	 6947	76.65	 4.01	 76.6  
    327    12	238	6947   87.73	4.09	 6947	87.73	 4.09	 87.7  
    328    12	238	6947   74.35	4.23	 6947	74.35	 4.23	 74.4  
    329    12	238	6947   85.55	4.73	 6947	85.55	 4.73	 85.5  
    330    12	238	6947   55.87	4.74	 6947	55.87	 4.74	 55.9  
    331    12	238	6947   61.03	4.29	 6947	61.03	 4.29	 61.0  
    332    12	238	6947   68.28	4.34	 6947	68.28	 4.34	 68.3  
    333    12	238	6947   84.74	4.19	 6947	84.74	 4.19	 84.7  
    334    12	238	6947   97.32	4.74	 6947	97.32	 4.74	 97.3  
    335    12	238	6947  100.53	3.99	 6947  100.53	 3.99	100.5  
    336    12	238	6947   73.10	5.00	 6947	73.10	 5.00	 73.1  
    337    12	238	6947  113.35	2.11	 6947  113.35	 2.11	113.4  
    338    12	238	6947   87.10	2.41	 6947	87.10	 2.41	 87.1  
    339    12	238	6947   76.84	2.25	 6947	76.84	 2.25	 76.8  
    340    12	238	6947   55.50	2.39	 6947	55.50	 2.39	 55.5  
    341    12	238	6947   83.31	2.20	 6947	83.31	 2.20	 83.3  
    342    12	238	6947   70.70	2.17	 6947	70.70	 2.17	 70.7  
    343    12	238	6947   79.34	2.40	 6947	79.34	 2.40	 79.3  
    344    12	238	6947  104.53	2.13	 6947  104.53	 2.13	104.5  
    345    12	238	6947  102.47	2.51	 6947  102.47	 2.51	102.5  
    346    12	238	6947   76.20	2.49	 6947	76.20	 2.49	 76.2  
    347    12	238	6947   80.65	2.41	 6947	80.65	 2.41	 80.7  
    348    12	238	6947   82.67	2.31	 6947	82.67	 2.31	 82.7  
    349    12	238	6947   77.11	2.14	 6947	77.11	 2.14	 77.1  
    350    12	238	6947   80.51	2.38	 6947	80.51	 2.38	 80.5  
    351    12	238	6947  100.00	2.53	 6947  100.00	 2.53	100.0  
    352    12	238	6947   87.35	2.55	 6947	87.35	 2.55	 87.3  
    353    12	238	6947   63.34	2.38	 6947	63.34	 2.38	 63.3  
    354    12	238	6947   41.81	3.19	 6947	41.81	 3.19	 41.8  
    355    12	238	6947   38.83	2.80	 6947	38.83	 2.80	 38.8  
    356    12	238	6947   60.61	2.33	 6947	60.61	 2.33	 60.6  
    357    12	238	6947   60.41	2.52	 6947	60.41	 2.52	 60.4  
    358    12	238	6947   45.63	2.33	 6947	45.63	 2.33	 45.6  
    359    12	238	6947   47.25	2.96	 6947	47.25	 2.96	 47.3  
    360    12	238	6947   44.17	2.53	 6947	44.17	 2.53	 44.2  
    361    12	238	6947   74.86	2.60	 6947	74.86	 2.60	 74.9  
    362    12	238	6947   77.91	2.67	 6947	77.91	 2.67	 77.9  
    363    12	238	6947   69.47	2.48	 6947	69.47	 2.48	 69.5  
    364    12	238	6947   79.03	2.83	 6947	79.03	 2.83	 79.0  
    365    12	238	6947   76.59	2.64	 6947	76.59	 2.64	 76.6  
    366    12	238	6947   64.41	2.34	 6947	64.41	 2.34	 64.4  
    367    12	238	6947   57.42	2.59	 6947	57.42	 2.59	 57.4  
    368    12	238	6947   60.70	2.59	 6947	60.70	 2.59	 60.7  
    369    12	238	6947   83.11	2.37	 6947	83.11	 2.37	 83.1  
    370    12	238	6947   71.18	2.22	 6947	71.18	 2.22	 71.2  
    371    12	238	6947   58.16	2.17	 6947	58.16	 2.17	 58.2  
    372    12	238	6947   62.78	2.02	 6947	62.78	 2.02	 62.8  
    373    12	238	6947   58.00	2.06	 6947	58.00	 2.06	 58.0  
    374    12	238	6947   76.26	2.40	 6947	76.26	 2.40	 76.3  
    375    12	238	6947   88.14	2.08	 6947	88.14	 2.08	 88.1  
    376    12	238	6947   48.93	2.92	 6947	48.93	 2.92	 48.9  
    377    12	238	6947   61.52	2.21	 6947	61.52	 2.21	 61.5  
    378    12	238	6947   72.24	2.18	 6947	72.24	 2.18	 72.2  
    379    12	238	6947   68.52	2.08	 6947	68.52	 2.08	 68.5  
    380    12	238	6947   51.68	2.80	 6947	51.68	 2.80	 51.7  
    381    12	238	6947   59.16	2.74	 6947	59.16	 2.74	 59.2  
    382    12	238	6947   65.13	2.08	 6947	65.13	 2.08	 65.1  
    383    12	238	6947   93.86	2.06	 6947	93.86	 2.06	 93.9  
    384    12	238	6947   51.18	2.29	 6947	51.18	 2.29	 51.2	 
    385    12	238	   1   12.00	0.02	    1	12.00	 0.02	 12.0  
    386    12	238	   1   12.00	0.02	    1	12.00	 0.02	 12.0  
    387    12	238	   1   12.00	0.02	    1	12.00	 0.02	 12.0  
    388    12	238	   1   12.00	0.02	    1	12.00	 0.02	 12.0  
    389    12	238	   1   12.00	0.02	    1	12.00	 0.02	 12.0  
    390    12	238	   1   12.00	0.02	    1	12.00	 0.02	 12.0  
    391    12	238	   1   12.00	0.02	    1	12.00	 0.02	 12.0  
    392    12	238	   1   12.00	0.02	    1	12.00	 0.02	 12.0  
    393    12	238	   1   12.00	0.02	    1	12.00	 0.02	 12.0  
    394    12	238	   1   12.00	0.02	    1	12.00	 0.02	 12.0  
    395    12	238	   1   12.00	0.02	    1	12.00	 0.02	 12.0  
    396    12	238	   1   12.00	0.02	    1	12.00	 0.02	 12.0  
    397    12	238	   1   12.00	0.02	    1	12.00	 0.02	 12.0  
    398    12	238	   1   12.00	0.02	    1	12.00	 0.02	 12.0  
    399    12	238	   1   12.00	0.02	    1	12.00	 0.02	 12.0  
    400    12	238	   1   12.00	0.02	    1	12.00	 0.02	 12.0  
    401    12	238	6947   91.09	1.92	 6947	91.09	 1.92	 91.1  
    402    12	238	6947   78.44	1.96	 6947	78.44	 1.96	 78.4  
    403    12	238	6947  118.48	2.06	 6947  118.48	 2.06	118.5  
    404    12	238	6947   89.83	1.91	 6947	89.83	 1.91	 89.8  
    405    12	238	6947   71.22	1.78	 6947	71.22	 1.78	 71.2  
    406    12	238	6947   91.36	1.96	 6947	91.36	 1.96	 91.4  
    407    12	238	6947   72.14	1.96	 6947	72.14	 1.96	 72.1  
    408    12	238	6947   98.15	1.76	 6947	98.15	 1.76	 98.1  
    409    12	238	6947   90.82	1.92	 6947	90.82	 1.92	 90.8  
    410    12	238	6947   62.92	1.73	 6947	62.92	 1.73	 62.9  
    411    12	238	6947  103.67	2.04	 6947  103.67	 2.04	103.7  
    412    12	238	6947   76.23	1.86	 6947	76.23	 1.86	 76.2  
    413    12	238	6947  108.79	2.27	 6947  108.79	 2.27	108.8  
    414    12	238	6947  119.75	2.06	 6947  119.75	 2.06	119.7  
    415    12	238	6947  115.95	1.70	 6947  115.95	 1.70	116.0  
    416    12	238	6947   79.86	1.99	 6947	79.86	 1.99	 79.9  
    417    12	238	6947  111.74	2.05	 6947  111.74	 2.05	111.7  
    418    12	238	6947  111.34	1.95	 6947  111.34	 1.95	111.3  
    419    12	238	6947   68.86	1.88	 6947	68.86	 1.88	 68.9  
    420    12	238	6947   95.69	1.91	 6947	95.69	 1.91	 95.7  
    421    12	238	6947  119.41	1.85	 6947  119.41	 1.85	119.4  
    422    12	238	6947   94.40	1.97	 6947	94.40	 1.97	 94.4  
    423    12	238	6947  124.06	1.95	 6947  124.06	 1.95	124.1  
    424    12	238	6947  114.93	2.33	 6947  114.93	 2.33	114.9  
    425    12	238	6947  112.68	1.93	 6947  112.68	 1.93	112.7  
    426    12	238	6947  112.58	2.04	 6947  112.58	 2.04	112.6  
    427    12	238	6947  108.42	1.99	 6947  108.42	 1.99	108.4  
    428    12	238	6947  124.12	2.02	 6947  124.12	 2.02	124.1  
    429    12	238	6947  105.39	1.91	 6947  105.39	 1.91	105.4  
    430    12	238	6947  114.50	2.08	 6947  114.50	 2.08	114.5  
    431    12	238	6947  124.08	1.89	 6947  124.08	 1.89	124.1  
    432    12	238	6947  127.09	2.01	 6947  127.09	 2.01	127.1  
    433    12	238	6947  122.17	1.87	 6947  122.17	 1.87	122.2  
    434    12	238	6947  119.08	1.87	 6947  119.08	 1.87	119.1  
    435    12	238	6947  135.49	1.71	 6947  135.49	 1.71	135.5  
    436    12	238	6947   92.30	1.79	 6947	92.30	 1.79	 92.3  
    437    12	238	6947  122.97	1.92	 6947  122.97	 1.92	123.0  
    438    12	238	6947  122.74	1.92	 6947  122.74	 1.92	122.7  
    439    12	238	6947  130.50	1.97	 6947  130.50	 1.97	130.5  
    440    12	238	6947  116.56	1.70	 6947  116.56	 1.70	116.6  
    441    12	238	6947  115.74	1.94	 6947  115.74	 1.94	115.7  
    442    12	238	6947  129.93	1.98	 6947  129.93	 1.98	129.9  
    443    12	238	6947  124.67	1.70	 6947  124.67	 1.70	124.7  
    444    12	238	6947  102.48	1.76	 6947  102.48	 1.76	102.5  
    445    12	238	6947  115.77	1.96	 6947  115.77	 1.96	115.8  
    446    12	238	6947  115.21	1.81	 6947  115.21	 1.81	115.2  
    447    12	238	6947  106.29	2.07	 6947  106.29	 2.07	106.3  
    448    12	238	6947  114.14	1.98	 6947  114.14	 1.98	114.1  
    449    12	238	6947  109.98	1.87	 6947  109.98	 1.87	110.0  
    450    12	238	6947  115.01	1.77	 6947  115.01	 1.77	115.0  
    451    12	238	6947  108.05	1.97	 6947  108.05	 1.97	108.1  
    452    12	238	6947  100.89	1.78	 6947  100.89	 1.78	100.9  
    453    12	238	6947  138.29	1.90	 6947  138.29	 1.90	138.3  
    454    12	238	6947  124.24	1.96	 6947  124.24	 1.96	124.2  
    455    12	238	6947  116.66	1.81	 6947  116.66	 1.81	116.7  
    456    12	238	6947  130.42	1.72	 6947  130.42	 1.72	130.4  
    457    12	238	6947  115.24	2.26	 6947  115.24	 2.26	115.2  
    458    12	238	6947  122.54	1.73	 6947  122.54	 1.73	122.5  
    459    12	238	6947  129.41	2.28	 6947  129.41	 2.28	129.4  
    460    12	238	6947  106.57	1.91	 6947  106.57	 1.91	106.6  
    461    12	238	6947  114.31	2.13	 6947  114.31	 2.13	114.3  
    462    12	238	6947  114.97	1.69	 6947  114.97	 1.69	115.0  
    463    12	238	6947  128.36	1.61	 6947  128.36	 1.61	128.4  
    464    12	238	6947  105.79	1.97	 6947  105.79	 1.97	105.8  
    465    12	238	6947  142.26	1.80	 6947  142.26	 1.80	142.3  
    466    12	238	6947  107.76	1.80	 6947  107.76	 1.80	107.8  
    467    12	238	6947  121.56	1.78	 6947  121.56	 1.78	121.6  
    468    12	238	6947  106.90	1.73	 6947  106.90	 1.73	106.9  
    469    12	238	6947  133.68	1.85	 6947  133.68	 1.85	133.7  
    470    12	238	6947  119.12	1.82	 6947  119.12	 1.82	119.1  
    471    12	238	6947  121.06	1.86	 6947  121.06	 1.86	121.1  
    472    12	238	6947  134.99	2.07	 6947  134.99	 2.07	135.0  
    473    12	238	6947  129.15	1.68	 6947  129.15	 1.68	129.1  
    474    12	238	6947  139.33	1.84	 6947  139.33	 1.84	139.3  
    475    12	238	6947  151.80	1.67	 6947  151.80	 1.67	151.8  
    476    12	238	6947  118.55	1.80	 6947  118.55	 1.80	118.5  
    477    12	238	6947  123.29	1.68	 6947  123.29	 1.68	123.3  
    478    12	238	6947  112.60	2.38	 6947  112.60	 2.38	112.6  
    479    12	238	6947  144.13	1.95	 6947  144.13	 1.95	144.1  
    480    12	238	6947  136.22	1.76	 6947  136.22	 1.76	136.2  
    481    12	238	6947   85.35	2.21	 6947	85.35	 2.21	 85.4  
    482    12	238	6947   78.19	2.40	 6947	78.19	 2.40	 78.2  
    483    12	238	6947   85.83	2.68	 6947	85.83	 2.68	 85.8  
    484    12	238	6947  106.86	2.35	 6947  106.86	 2.35	106.9  
    485    12	238	6947   97.36	2.05	 6947	97.36	 2.05	 97.4  
    486    12	238	6947  103.50	2.48	 6947  103.50	 2.48	103.5  
    487    12	238	6947  113.94	2.14	 6947  113.94	 2.14	113.9  
    488    12	238	6947   91.03	2.39	 6947	91.03	 2.39	 91.0  
    489    12	238	6947  114.42	2.32	 6947  114.42	 2.32	114.4  
    490    12	238	6947   90.61	2.10	 6947	90.61	 2.10	 90.6  
    491    12	238	6947  132.35	2.22	 6947  132.35	 2.22	132.4  
    492    12	238	6947  121.27	2.06	 6947  121.27	 2.06	121.3  
    493    12	238	6947  103.38	2.72	 6947  103.38	 2.72	103.4  
    494    12	238	6947  113.35	1.98	 6947  113.35	 1.98	113.3  
    495    12	238	6947  118.71	2.05	 6947  118.71	 2.05	118.7  
    496    12	238	6947   66.40	2.33	 6947	66.40	 2.33	 66.4  
    497    12	238	6156  122.17   22.20	 6156  122.17	22.20	122.2  
    498    12	238	5725   99.41   26.55	 5611	98.13	 0.02	 98.1  
    499    12	238	5735  128.00   30.14	 5735  128.00	30.14	128.0  
    500    12	238	5943  110.53   27.88	 5715  108.45	 0.02	108.4  
    501    12	238	6196  121.00   16.16	 6082  120.21	 0.02	120.2  
    502    12	238	5649  118.76   21.73	 5649  118.76	21.73	118.8  
    503    12	238	6672  124.06   20.63	 6558  123.39	 3.43	123.4  
    504    12	238	6938  101.14   21.05	 6938  101.14	21.05	101.1  
    505    12	238	6946  133.34   34.57	 6946  133.34	34.57	133.3  
    506    12	238	6946   97.99   36.77	 6946	97.99	36.77	 98.0  
    507    12	238	6947   88.63   38.24	 6947	88.63	38.24	 88.6  
    508    12	238	6947  115.62   35.45	 6947  115.62	35.45	115.6  
    509    12	238	6947   99.25   24.51	 6947	99.25	24.51	 99.3  
    510    12	238	6946  108.50   29.58	 6832  107.60	18.69	107.6  
    511    12	238	6947   98.32   31.97	 6947	98.32	31.97	 98.3  
    512    12	238	6870  113.23   22.74	 6870  113.23	22.74	113.2  
    513    12	238	6805  106.22   18.95	 6805  106.22	18.95	106.2  
    514    12	238	6793   99.97	7.89	 6793	99.97	 7.89	100.0  
    515    12	238	6789   89.08	6.98	 6789	89.08	 6.98	 89.1  
    516    12	238	6776   81.19	8.46	 6776	81.19	 8.46	 81.2  
    517    12	238	6775   66.13	9.11	 6775	66.13	 9.11	 66.1  
    518    12	238	6763  102.76	7.90	 6763  102.76	 7.90	102.8  
    519    12	238	6796  120.75	6.87	 6796  120.75	 6.87	120.7  
    520    12	238	6777   88.24	6.72	 6777	88.24	 6.72	 88.2  
    521    12	238	6947  104.31	3.07	 6947  104.31	 3.07	104.3  
    522    12	238	6765   86.99	5.76	 6765	86.99	 5.76	 87.0  
    523    12	238	6787   68.94	6.98	 6787	68.94	 6.98	 68.9  
    524    12	238	6786  103.59	7.39	 6786  103.59	 7.39	103.6  
    525    12	238	6781  124.95	6.98	 6781  124.95	 6.98	124.9  
    526    12	238	6789   82.66	7.32	 6789	82.66	 7.32	 82.7  
    527    12	238	6761   76.99	7.76	 6761	76.99	 7.76	 77.0  
    528    12	238	6799   85.66	6.45	 6799	85.66	 6.45	 85.7  
    529    12	238	6800   96.65	8.38	 6800	96.65	 8.38	 96.7  
    530    12	238	6830  115.18	5.65	 6830  115.18	 5.65	115.2  
    531    12	238	6808   90.23	9.40	 6694	89.00	 0.02	 89.0  
    532    12	238	6812   99.46	5.34	 6812	99.46	 5.34	 99.5  
    533    12	238	6815   78.73	4.96	 6815	78.73	 4.96	 78.7  
    534    12	238	6810   90.17	6.75	 6810	90.17	 6.75	 90.2  
    535    12	238	6851  127.18	5.98	 6851  127.18	 5.98	127.2  
    536    12	238	6834   75.04	6.06	 6834	75.04	 6.06	 75.0  
    537    12	238	6844  107.41	4.52	 6844  107.41	 4.52	107.4  
    538    12	238	6760  105.61   15.73	 6760  105.61	15.73	105.6  
    539    12	238	6760  127.23   14.72	 6760  127.23	14.72	127.2  
    540    12	238	6856   83.57	4.56	 6856	83.57	 4.56	 83.6  
    541    12	238	6865  129.07	5.46	 6865  129.07	 5.46	129.1  
    542    12	238	6856   94.41	5.51	 6856	94.41	 5.51	 94.4  
    543    12	238	6865  111.75	4.96	 6865  111.75	 4.96	111.7  
    544    12	238	6863   80.46   15.39	 6863	80.46	15.39	 80.5  
    545    12	213	6895  111.20   10.12	 6895  111.20	10.12	111.2  
    546    12	213	6875   69.45	7.92	 6875	69.45	 7.92	 69.5  
    547    12	213	6867   91.34	6.00	 6867	91.34	 6.00	 91.3  
    548    12	213	6863  104.88	5.69	 6863  104.88	 5.69	104.9  
    549    12	213	6855  122.55	3.54	 6855  122.55	 3.54	122.6  
    550    12	213	6862  104.31	4.13	 6862  104.31	 4.13	104.3  
    551    12	213	6850   88.97	5.75	 6850	88.97	 5.75	 89.0  
    552    12	213	6861  110.86	4.54	 6861  110.86	 4.54	110.9  
    553    12	213	6852  110.11	4.25	 6852  110.11	 4.25	110.1  
    554    12	213	6852   95.47	3.88	 6852	95.47	 3.88	 95.5  
    555    12	213	6859  106.32	4.32	 6859  106.32	 4.32	106.3  
    556    12	213	6840  101.01	4.58	 6840  101.01	 4.58	101.0  
    557    12	213	6852  116.78	3.80	 6852  116.78	 3.80	116.8  
    558    12	213	6862  109.08	5.45	 6862  109.08	 5.45	109.1  
    559    12	213	6855  101.81	4.72	 6855  101.81	 4.72	101.8  
    560    12	213	6878   84.35	4.21	 6878	84.35	 4.21	 84.4  
    561    12	213	6867   82.90	4.64	 6867	82.90	 4.64	 82.9  
    562    12	213	6890   89.98	4.36	 6890	89.98	 4.36	 90.0  
    563    12	213	6868  146.23	3.95	 6868  146.23	 3.95	146.2  
    564    12	213	6866  120.89	5.40	 6866  120.89	 5.40	120.9  
    565    12	213	6877  134.40	4.59	 6877  134.40	 4.59	134.4  
    566    12	213	6881  127.83	4.09	 6881  127.83	 4.09	127.8  
    567    12	213	6879  108.51	4.96	 6879  108.51	 4.96	108.5  
    568    12	213	6894  106.58	4.78	 6894  106.58	 4.78	106.6  
    569    12	213	6893  123.40	4.09	 6893  123.40	 4.09	123.4  
    570    12	213	6881  130.30	4.09	 6881  130.30	 4.09	130.3  
    571    12	213	6889  145.89	4.31	 6889  145.89	 4.31	145.9  
    572    12	213	6884  122.95	3.74	 6884  122.95	 3.74	123.0  
    573    12	213	6894  130.82	4.07	 6894  130.82	 4.07	130.8  
    574    12	213	6899  135.90	4.12	 6899  135.90	 4.12	135.9  
    575    12	213	6896  157.93	3.85	 6896  157.93	 3.85	157.9  
    576    12	213	6903  144.85	8.59	 6903  144.85	 8.59	144.9  
    577     4	140	6947   70.97	6.57	 6947	70.97	 6.57	 71.0  
    578     4	140	6947   38.63	6.22	 6947	38.63	 6.22	 38.6  
    579     4	140	6947   81.49	6.17	 6947	81.49	 6.17	 81.5  
    580     4	140	6947   41.64	5.73	 6947	41.64	 5.73	 41.6  
    581     4	140	6947   67.40	6.56	 6878	67.13	 0.02	 67.1  
    582     4	140	6947   63.22	5.98	 6947	63.22	 5.98	 63.2  
    583     4	140	6947   67.19	6.10	 6947	67.19	 6.10	 67.2  
    584     4	140	6947   93.39	6.92	 6947	93.39	 6.92	 93.4  
    585     4	140	6947   61.27	6.36	 6947	61.27	 6.36	 61.3  
    586     4	140	6947   93.13	6.76	 6947	93.13	 6.76	 93.1  
    587     4	140	6947   91.37	6.77	 6947	91.37	 6.77	 91.4  
    588     4	140	6946   84.43	6.63	 6946	84.43	 6.63	 84.4  
    589     4	140	6947   57.41	6.53	 6947	57.41	 6.53	 57.4  
    590     4	140	6947   83.53	6.56	 6947	83.53	 6.56	 83.5  
    591     4	140	6946   88.23	7.14	 6946	88.23	 7.14	 88.2  
    592     4	140	6947   72.96	6.97	 6947	72.96	 6.97	 73.0  
    593     4	140	6947   84.19	6.52	 6947	84.19	 6.52	 84.2  
    594     4	140	6946   81.03	6.68	 6946	81.03	 6.68	 81.0  
    595     4	140	6947  102.34	6.61	 6947  102.34	 6.61	102.3  
    596     4	140	6947   58.25	6.60	 6947	58.25	 6.60	 58.3  
    597     4	140	6947  108.29	6.68	 6947  108.29	 6.68	108.3  
    598     4	140	6947   89.06	6.82	 6947	89.06	 6.82	 89.1  
    599     4	140	6947   78.91	6.73	 6878	78.75	 0.02	 78.7  
    600     4	140	6946   85.08	6.99	 6946	85.08	 6.99	 85.1  
    601     4	140	6947   81.49	7.11	 6878	81.35	 0.02	 81.4  
    602     4	140	6947   76.52	7.30	 6947	76.52	 7.30	 76.5  
    603     4	140	6947   74.75	7.41	 6947	74.75	 7.41	 74.7  
    604     4	140	6947   58.24	6.33	 6947	58.24	 6.33	 58.2  
    605     4	140	6945  113.46	7.15	 6876  113.64	 0.02	113.6  
    606     4	140	6947   73.71	6.71	 6947	73.71	 6.71	 73.7  
    607     4	140	6947   94.99	7.46	 6947	94.99	 7.46	 95.0  
    608     4	140	   1	4.00	0.02	    1	 4.00	 0.02	  4.0  
    609     4	157	6947   83.92	0.96	 6947	83.92	 0.96	 83.9  
    610     4	157	6947   69.66	1.16	 6947	69.66	 1.16	 69.7  
    611     4	157	6947   46.46	1.21	 6947	46.46	 1.21	 46.5  
    612     4	157	6947   84.50	1.21	 6947	84.50	 1.21	 84.5  
    613     4	157	6947   89.42	1.20	 6947	89.42	 1.20	 89.4  
    614     4	157	6947   70.56	1.20	 6947	70.56	 1.20	 70.6  
    615     4	157	6947   98.59	1.20	 6947	98.59	 1.20	 98.6  
    616     4	157	6947  119.87	1.04	 6947  119.87	 1.04	119.9  
    617     4	157	6947   60.67	1.13	 6947	60.67	 1.13	 60.7  
    618     4	157	6947  115.91	0.88	 6947  115.91	 0.88	115.9  
    619     4	157	6947   98.15	1.01	 6947	98.15	 1.01	 98.1  
    620     4	157	6947   82.75	1.09	 6947	82.75	 1.09	 82.7  
    621     4	157	6947  111.91	0.98	 6947  111.91	 0.98	111.9  
    622     4	157	6947  110.14	0.97	 6947  110.14	 0.97	110.1  
    623     4	157	6947   86.88	0.95	 6947	86.88	 0.95	 86.9  
    624     4	157	6947  104.60	1.18	 6947  104.60	 1.18	104.6  
    625     4	157	6947   99.73	1.05	 6947	99.73	 1.05	 99.7  
    626     4	157	6947   72.19	0.95	 6947	72.19	 0.95	 72.2  
    627     4	157	6947   89.14	0.87	 6947	89.14	 0.87	 89.1  
    628     4	157	6947  107.97	0.72	 6947  107.97	 0.72	108.0  
    629     4	157	6947  143.08	0.76	 6947  143.08	 0.76	143.1  
    630     4	157	6947  111.99	0.68	 6947  111.99	 0.68	112.0  
    631     4	157	6947   88.83	0.94	 6947	88.83	 0.94	 88.8  
    632     4	157	6947   87.79	0.98	 6947	87.79	 0.98	 87.8  
    633     4	157	6947  114.07	0.70	 6947  114.07	 0.70	114.1  
    634     4	157	6947   70.94	0.68	 6947	70.94	 0.68	 70.9  
    635     4	157	6947   85.36	1.13	 6947	85.36	 1.13	 85.4  
    636     4	157	6947  116.68	1.11	 6947  116.68	 1.11	116.7  
    637     4	157	6947  105.86	0.84	 6947  105.86	 0.84	105.9  
    638     4	157	6947   96.83	0.92	 6947	96.83	 0.92	 96.8  
    639     4	157	6947   96.44	1.17	 6947	96.44	 1.17	 96.4  
    640     4	157	6947   73.87	0.84	 6947	73.87	 0.84	 73.9  
    641     4	157	6947   67.02	0.94	 6947	67.02	 0.94	 67.0  
    642     4	157	6947   67.79	1.10	 6947	67.79	 1.10	 67.8  
    643     4	157	6947   51.58	1.21	 6947	51.58	 1.21	 51.6  
    644     4	157	6947   85.10	1.05	 6947	85.10	 1.05	 85.1  
    645     4	157	6947   72.48	1.22	 6947	72.48	 1.22	 72.5  
    646     4	157	6947   57.97	0.95	 6947	57.97	 0.95	 58.0  
    647     4	157	6947   82.51	1.21	 6947	82.51	 1.21	 82.5  
    648     4	157	6947   60.77	1.12	 6947	60.77	 1.12	 60.8  
    649     4	157	6947   89.75	1.09	 6947	89.75	 1.09	 89.7  
    650     4	157	6947   98.23	1.05	 6947	98.23	 1.05	 98.2  
    651     4	157	6947   71.31	1.14	 6947	71.31	 1.14	 71.3  
    652     4	157	6947   73.30	1.16	 6947	73.30	 1.16	 73.3  
    653     4	157	6947   83.42	1.20	 6947	83.42	 1.20	 83.4  
    654     4	157	6947   94.20	1.03	 6947	94.20	 1.03	 94.2  
    655     4	157	6947  102.14	1.00	 6947  102.14	 1.00	102.1  
    656     4	157	6947   49.07	0.95	 6947	49.07	 0.95	 49.1  
    657     4	157	6947   80.68	1.13	 6947	80.68	 1.13	 80.7  
    658     4	157	6947   71.03	0.87	 6947	71.03	 0.87	 71.0  
    659     4	157	6947   77.17	0.99	 6947	77.17	 0.99	 77.2  
    660     4	157	6947   64.63	1.16	 6947	64.63	 1.16	 64.6  
    661     4	157	6947   88.77	1.05	 6947	88.77	 1.05	 88.8  
    662     4	157	6947   91.68	1.13	 6947	91.68	 1.13	 91.7  
    663     4	157	6947   97.34	1.14	 6947	97.34	 1.14	 97.3  
    664     4	157	6947   93.72	1.11	 6947	93.72	 1.11	 93.7  
    665     4	157	6947   87.85	0.96	 6947	87.85	 0.96	 87.8  
    666     4	157	6947   89.89	0.96	 6947	89.89	 0.96	 89.9  
    667     4	157	6947   92.03	0.90	 6947	92.03	 0.90	 92.0  
    668     4	157	6947   79.11	0.93	 6947	79.11	 0.93	 79.1  
    669     4	157	6947   65.09	0.85	 6947	65.09	 0.85	 65.1  
    670     4	157	6947   81.31	1.12	 6947	81.31	 1.12	 81.3  
    671     4	157	6947   97.26	1.09	 6947	97.26	 1.09	 97.3  
    672     4	157	6947   81.03	0.86	 6947	81.03	 0.86	 81.0  
